version = "AA";
generationTime = 2007-06-08T22:22:07.000000Z;
productOrderId = "005616921010_01_P001";
productCatalogId = "9010010013465400";
childCatalogId = "2020010013465300";
imageDescriptor = "Basic1B";
bandId = "Multi";
panSharpenAlgorithm = "None";
numRows = 7083;
numColumns = 6876;
productLevel = "LV1B";
productType = "Basic";
numberOfLooks = 1;
radiometricLevel = "Corrected";
bitsPerPixel = 16;
compressionType = "None";
BEGIN_GROUP = BAND_B
	ULLon = -116.04692550;
	ULLat =   36.90232844;
	ULHAE =  1116.13;
	URLon = -115.83439861;
	URLat =   36.89371987;
	URHAE =  1380.13;
	LRLon = -115.83537361;
	LRLat =   36.72598278;
	LRHAE =  1290.73;
	LLLon = -116.04648458;
	LLLat =   36.73580380;
	LLHAE =  1022.09;
	absCalFactor = 1.604120e-02;
	effectiveBandwidth = 6.800000e-02;
END_GROUP = BAND_B
BEGIN_GROUP = BAND_G
	ULLon = -116.04692550;
	ULLat =   36.90232844;
	ULHAE =  1116.13;
	URLon = -115.83439861;
	URLat =   36.89371987;
	URHAE =  1380.13;
	LRLon = -115.83537361;
	LRLat =   36.72598278;
	LRHAE =  1290.73;
	LLLon = -116.04648458;
	LLLat =   36.73580380;
	LLHAE =  1022.09;
	absCalFactor = 1.438470e-02;
	effectiveBandwidth = 9.900000e-02;
END_GROUP = BAND_G
BEGIN_GROUP = BAND_R
	ULLon = -116.04692550;
	ULLat =   36.90232844;
	ULHAE =  1116.13;
	URLon = -115.83439861;
	URLat =   36.89371987;
	URHAE =  1380.13;
	LRLon = -115.83537361;
	LRLat =   36.72598278;
	LRHAE =  1290.73;
	LLLon = -116.04648458;
	LLLat =   36.73580380;
	LLHAE =  1022.09;
	absCalFactor = 1.267350e-02;
	effectiveBandwidth = 7.100000e-02;
END_GROUP = BAND_R
BEGIN_GROUP = BAND_N
	ULLon = -116.04692550;
	ULLat =   36.90232844;
	ULHAE =  1116.13;
	URLon = -115.83439861;
	URLat =   36.89371987;
	URHAE =  1380.13;
	LRLon = -115.83537361;
	LRLat =   36.72598278;
	LRHAE =  1290.73;
	LLLon = -116.04648458;
	LLLat =   36.73580380;
	LLHAE =  1022.09;
	absCalFactor = 1.542420e-02;
	effectiveBandwidth = 1.140000e-01;
END_GROUP = BAND_N
outputFormat = "NITF20";
BEGIN_GROUP = IMAGE_1
	satId = "QB02";
	mode = "FullSwath";
	scanDirection = "Forward";
	CatId = "1010010005AC7C00";
	TLCTime = 2007-06-08T18:48:39.197971Z;
	numTLC = 2;
	TLCList = (
	(0,  0.000000),
	(7083,  4.106087)	);
	firstLineTime = 2007-06-08T18:48:39.197971Z;
	avgLineRate = 1725.00;
	exposureDuration = 0.00057971;
	minCollectedRowGSD =   2.613;
	maxCollectedRowGSD =   2.621;
	meanCollectedRowGSD =   2.617;
	minCollectedColGSD =   2.741;
	maxCollectedColGSD =   2.753;
	meanCollectedColGSD =   2.747;
	meanCollectedGSD =   2.681;
	rowUncertainty =   43.51;
	colUncertainty =   51.50;
	minSunAz = 135.8;
	maxSunAz = 136.1;
	meanSunAz = 135.9;
	minSunEl =  71.9;
	maxSunEl =  72.0;
	meanSunEl =  71.9;
	minSatAz = 110.4;
	maxSatAz = 120.5;
	meanSatAz = 115.7;
	minSatEl =  68.4;
	maxSatEl =  69.3;
	meanSatEl =  68.8;
	minInTrackViewAngle =  -6.4;
	maxInTrackViewAngle =  -5.0;
	meanInTrackViewAngle =  -5.7;
	minCrossTrackViewAngle =  18.5;
	maxCrossTrackViewAngle =  19.0;
	meanCrossTrackViewAngle =  18.8;
	minOffNadirViewAngle =  19.5;
	maxOffNadirViewAngle =  19.5;
	meanOffNadirViewAngle =  19.5;
	PNIIRS = 2.8;
	cloudCover = -999.000;
	resamplingKernel = "CC";
	TDILevel = 10;
	positionKnowledgeSrc = "R";
	attitudeKnowledgeSrc = "R";
	revNumber = 31684;
END_GROUP = IMAGE_1
END;